2 0.6806669600 0.4837774200 0.6674354172
3 0.6136176720 0.4936061400 0.5371377768
4 0.5872954774 0.4924249908 0.4595682181
5 0.5726933221 0.4912833075 0.4131691875
6 0.5628739882 0.4917123479 0.3858416022
7 0.5547434536 0.4909468316 0.3691385115
8 0.5488914389 0.4913336723 0.3607648565
9 0.5445819977 0.4910560808 0.3566988240
10 0.5403952104 0.4902911157 0.3554151198
11 0.5370838809 0.4899140668 0.3566278313
12 0.5337390529 0.4896104959 0.3593047688
13 0.5315223971 0.4895340994 0.3630482691
14 0.5291183006 0.4889718518 0.3670660969
15 0.5263675876 0.4883912991 0.3713847875
16 0.5242736417 0.4875676919 0.3757976881
17 0.5215473841 0.4870587510 0.3803763403
18 0.5199071134 0.4868327351 0.3852918375
19 0.5180205669 0.4856229825 0.3890735088
20 0.5163892514 0.4855900819 0.3941738849
21 0.5143993177 0.4848764702 0.3982356667
22 0.5129037370 0.4845521535 0.4026944065
23 0.5114079271 0.4841760666 0.4066329897
24 0.5102173210 0.4834756383 0.4102312343
25 0.5091077341 0.4833532670 0.4139541475
26 0.5061904145 0.4817649635 0.4160432998
27 0.5049712803 0.4814732168 0.4195020326
28 0.5042693110 0.4812172332 0.4224612435
29 0.5025371312 0.4806476051 0.4249634265
30 0.5014164344 0.4796222295 0.4267638123
31 0.5001916299 0.4795778030 0.4292982772
32 0.4989613949 0.4789714179 0.4309744412
33 0.4977663443 0.4785857216 0.4330651323
34 0.4959524678 0.4776188444 0.4342774223
35 0.4952489040 0.4774980281 0.4360895691
36 0.4937922750 0.4766379243 0.4368861402
37 0.4927275185 0.4758493792 0.4377351454
38 0.4914944219 0.4753537647 0.4389664863
39 0.4902908805 0.4746238027 0.4394406549
40 0.4889696855 0.4738336263 0.4400127825
41 0.4888477899 0.4742478689 0.4417591003
42 0.4868947125 0.4730334930 0.4416216267
43 0.4858511136 0.4723139640 0.4420038837
44 0.4842637973 0.4716075539 0.4422649832
45 0.4833695630 0.4711863371 0.4427786400
46 0.4824966867 0.4705356489 0.4429041820
47 0.4811581999 0.4697041001 0.4429594746
48 0.4799677097 0.4688535625 0.4429207949
49 0.4792899167 0.4686780302 0.4434758059
50 0.4781888733 0.4679745001 0.4434703685
51 0.4772999676 0.4677286230 0.4438852815
52 0.4758431177 0.4667842111 0.4435243765
53 0.4743460019 0.4656971584 0.4429980012
54 0.4738982254 0.4657374973 0.4435156686
55 0.4732113754 0.4652623282 0.4435205834
56 0.4723229383 0.4648346177 0.4436632918
57 0.4709541682 0.4639298507 0.4432315275
58 0.4702740082 0.4634530475 0.4431569536
59 0.4688445374 0.4627727120 0.4428640304
60 0.4679312172 0.4620946146 0.4426047854
61 0.4673396256 0.4617110615 0.4426611417
62 0.4660831957 0.4611462193 0.4424625298
63 0.4652005063 0.4608132430 0.4424035529
64 0.4644534916 0.4601785261 0.4422852381
65 0.4635649790 0.4595438306 0.4419071590
66 0.4621430653 0.4585491703 0.4413096597
67 0.4620168018 0.4584792968 0.4414536872
68 0.4599557972 0.4568369679 0.4402568804
69 0.4592555199 0.4566421839 0.4402611774
70 0.4585605794 0.4564912219 0.4403336191
71 0.4572337852 0.4555277922 0.4397382130
72 0.4560913558 0.4546641358 0.4390805424
73 0.4552886593 0.4543443171 0.4389493384
74 0.4546859483 0.4537814352 0.4386138374
75 0.4535594595 0.4531082106 0.4381876107
76 0.4530677174 0.4528109159 0.4381888504
77 0.4513831598 0.4514782783 0.4370878618
78 0.4512261508 0.4515383006 0.4372792789
79 0.4503215143 0.4511617584 0.4371233918
80 0.4489776271 0.4498930181 0.4360577542
81 0.4479026805 0.4495002135 0.4359188880
82 0.4473494257 0.4492120140 0.4357655513
83 0.4463099807 0.4485034882 0.4353104439
84 0.4454049976 0.4477538328 0.4346569238
85 0.4449664275 0.4476583466 0.4348107411
86 0.4435874074 0.4462645864 0.4335013353
87 0.4426250508 0.4459247362 0.4333190411
88 0.4424393713 0.4460282842 0.4335736154
89 0.4412639287 0.4446982912 0.4324040040
90 0.4402832312 0.4446491358 0.4324861623
91 0.4393929601 0.4435725794 0.4316524793
92 0.4390156585 0.4433439454 0.4315426272
93 0.4371933139 0.4423980494 0.4307510387
94 0.4366929635 0.4419298031 0.4304442249
95 0.4362103451 0.4417538180 0.4303534566
96 0.4347283707 0.4403949988 0.4291606470
97 0.4337707549 0.4397447929 0.4286561295
98 0.4330386066 0.4390297904 0.4280656666
99 0.4324454050 0.4387222233 0.4278624102
100 0.4316336536 0.4383779111 0.4275974789
200 0.3550488612 0.3821847490 0.3771932545
300 0.2922071337 0.3324357148 0.3292944619
400 0.2399989179 0.2877572580 0.2855315995
500 0.1958373467 0.2478847960 0.2462164695
600 0.1592529699 0.2135262130 0.2122064380
700 0.1287997932 0.1828645328 0.1818140776
800 0.1045595102 0.1557796834 0.1549361525
900 0.0847022903 0.1328636086 0.1321571024
1000 0.0686283683 0.1127373570 0.1121779666
1100 0.0546524593 0.0955413232 0.0950656325
1200 0.0439110547 0.0809749578 0.0805804248
1300 0.0353231641 0.0680697268 0.0677455421
1400 0.0287583645 0.0575488630 0.0572726356
1500 0.0227901572 0.0481789237 0.0479491518
1600 0.0181755793 0.0404075575 0.0402165924
1700 0.0144521104 0.0339429117 0.0337880763
1800 0.0116093687 0.0284115645 0.0282733368
1900 0.0094598992 0.0237856079 0.0236727195
2000 0.0074125981 0.0197099058 0.0196187329
2100 0.0057557060 0.0164087218 0.0163299392
2200 0.0046908719 0.0136352463 0.0135701329
2300 0.0036659965 0.0114038924 0.0113488374
2400 0.0029258141 0.0093970454 0.0093526239
2500 0.0023400673 0.0078113660 0.0077723818
2600 0.0018673244 0.0064165394 0.0063861267
2700 0.0014899118 0.0053623360 0.0053365405
2800 0.0011368993 0.0043810055 0.0043592589
2900 0.0009092619 0.0036585084 0.0036393902
3000 0.0007372758 0.0030232627 0.0030075278
