2 0.6813141000 0.4841471587 0.6676409282
3 0.6157774000 0.4951914062 0.5379993604
4 0.5905261184 0.4941059876 0.4606201700
5 0.5770856410 0.4941775693 0.4151146563
6 0.5674074575 0.4945632383 0.3878673596
7 0.5610502790 0.4950572480 0.3722016647
8 0.5562327656 0.4958814407 0.3642501087
9 0.5520371750 0.4958614705 0.3604524606
10 0.5494914852 0.4962013164 0.3602147730
11 0.5465366857 0.4962166922 0.3618171620
12 0.5442186882 0.4967403847 0.3651696041
13 0.5425560023 0.4971681285 0.3696130218
14 0.5412359242 0.4970978216 0.3741695514
15 0.5393374697 0.4971997713 0.3792814194
16 0.5382763512 0.4973061578 0.3845314882
17 0.5366896742 0.4974292631 0.3897859132
18 0.5355943421 0.4973816760 0.3949259589
19 0.5345076421 0.4971185845 0.3997972817
20 0.5339023819 0.4977431527 0.4054984791
21 0.5327977891 0.4975869444 0.4102042117
22 0.5318946428 0.4977232317 0.4151008766
23 0.5310934916 0.4980821967 0.4200170224
24 0.5306398660 0.4976259794 0.4237478824
25 0.5306099320 0.4983791606 0.4284670504
26 0.5290292668 0.4977226355 0.4314664574
27 0.5289555802 0.4981000252 0.4357466594
28 0.5286076807 0.4985344715 0.4393323954
29 0.5278011812 0.4983268122 0.4421534840
30 0.5271830891 0.4979999302 0.4446087148
31 0.5268288358 0.4982989000 0.4475660628
32 0.5263008117 0.4981902387 0.4497907148
33 0.5263672099 0.4987608599 0.4528869675
34 0.5253880704 0.4982529138 0.4544739054
35 0.5254787702 0.4989557922 0.4573195592
36 0.5249658141 0.4984931196 0.4584885474
37 0.5246921535 0.4984559650 0.4600878183
38 0.5247185969 0.4987627180 0.4620394157
39 0.5239667444 0.4985368135 0.4631796919
40 0.5232147850 0.4984126145 0.4643156965
41 0.5238876483 0.4991741169 0.4663606113
42 0.5232005779 0.4989655128 0.4672465807
43 0.5228627977 0.4986909592 0.4681505754
44 0.5222803521 0.4984310313 0.4688853276
45 0.5219344438 0.4989735529 0.4702569743
46 0.5219321237 0.4985800502 0.4706437793
47 0.5216638271 0.4986658568 0.4716730142
48 0.5209430643 0.4984376874 0.4722402143
49 0.5211626341 0.4986009518 0.4731319544
50 0.5210691542 0.4986635416 0.4738776728
51 0.5210422567 0.4989796362 0.4747429619
52 0.5205679250 0.4987402429 0.4751945128
53 0.5199024202 0.4982822677 0.4752668264
54 0.5197931605 0.4986397052 0.4762785612
55 0.5199527666 0.4988874614 0.4768064323
56 0.5196556195 0.4990679012 0.4776463617
57 0.5194070754 0.4988953953 0.4778658729
58 0.5192918557 0.4988465662 0.4783076739
59 0.5191157297 0.4987766054 0.4786494528
60 0.5189114308 0.4988080182 0.4790077421
61 0.5187013647 0.4988775550 0.4794793134
62 0.5187432319 0.4989846515 0.4799806708
63 0.5188121369 0.4992410123 0.4805875004
64 0.5185595466 0.4991680126 0.4810136278
65 0.5188363607 0.4993333773 0.4814691586
66 0.5180449718 0.4989882978 0.4814654478
67 0.5184880176 0.4992767194 0.4819181813
68 0.5171430746 0.4984008753 0.4814766926
69 0.5175442659 0.4988865189 0.4822590175
70 0.5175912610 0.4990435249 0.4825957503
71 0.5171780406 0.4989656474 0.4828054045
72 0.5164274692 0.4986792801 0.4828084712
73 0.5171548602 0.4989254185 0.4832986525
74 0.5167390429 0.4989246053 0.4835380420
75 0.5166854550 0.4989927938 0.4837760500
76 0.5171527703 0.4993084839 0.4843326506
77 0.5156331773 0.4981312658 0.4833449925
78 0.5167961452 0.4993226048 0.4847943694
79 0.5164288572 0.4993411814 0.4850167268
80 0.5159791969 0.4984524857 0.4843419132
81 0.5159398376 0.4988438327 0.4849875856
82 0.5160980184 0.4991162349 0.4854230527
83 0.5157800239 0.4991956265 0.4856956464
84 0.5156333080 0.4989061084 0.4855612083
85 0.5161897849 0.4994120244 0.4862075127
86 0.5151512270 0.4984123817 0.4853600131
87 0.5156832999 0.4990465365 0.4861792668
88 0.5151289791 0.4991145332 0.4863697582
89 0.5149078989 0.4985714580 0.4859665546
90 0.5156456133 0.4992369788 0.4868400743
91 0.5148278427 0.4986879413 0.4865073655
92 0.5150773704 0.4990073171 0.4869006213
93 0.5151128798 0.4989957068 0.4870794290
94 0.5145000053 0.4990716198 0.4872973291
95 0.5149407785 0.4991981496 0.4875329474
96 0.5142457982 0.4985098979 0.4869900117
97 0.5143924715 0.4990234196 0.4876480667
98 0.5138706683 0.4984716312 0.4871784556
99 0.5140207621 0.4983207068 0.4871453242
100 0.5138286638 0.4987985456 0.4877165814
1100 0.4921058947 0.4929973119 0.4920823552
2100 0.4839159315 0.4869177330 0.4864504954
3100 0.4740373398 0.4797788454 0.4794400541
4100 0.4658844991 0.4740557002 0.4738128606
5100 0.4566177469 0.4680370061 0.4678473540
6100 0.4495744136 0.4616364645 0.4614666885
7100 0.4407218048 0.4557758869 0.4556391935
8100 0.4329208325 0.4494546817 0.4493312902
9100 0.4265859136 0.4437418112 0.4436327159
10100 0.4183895246 0.4372720617 0.4371734289
11100 0.4103732382 0.4314074703 0.4313211546
12100 0.4044071777 0.4261988830 0.4261191091
13100 0.3961382472 0.4199152978 0.4198438433
14100 0.3889110495 0.4145778053 0.4145108784
15100 0.3805457727 0.4088279228 0.4087679636
16100 0.3741367102 0.4038197657 0.4037582222
17100 0.3671045725 0.3976658353 0.3976102461
18100 0.3619019053 0.3927548690 0.3927065084
19100 0.3523674604 0.3868700000 0.3868174597
20100 0.3469732794 0.3817972214 0.3817510307
21100 0.3412762715 0.3767818601 0.3767377954
22100 0.3338694994 0.3710727557 0.3710287856
23100 0.3293037297 0.3667209943 0.3666818703
24100 0.3218227680 0.3607765319 0.3607344305
25100 0.3156451282 0.3557093310 0.3556740274
26100 0.3091002016 0.3509588223 0.3509233748
27100 0.3040025580 0.3460396054 0.3460039965
28100 0.2975803279 0.3413011648 0.3412671883
29100 0.2922985276 0.3364426017 0.3364088268
30100 0.2863951801 0.3322806520 0.3322495390
31100 0.2815330395 0.3275326055 0.3275063404
32100 0.2750554456 0.3223599006 0.3223308917
33100 0.2704162138 0.3181076747 0.3180779514
34100 0.2652393904 0.3135079430 0.3134823491
35100 0.2603662664 0.3093777281 0.3093536596
36100 0.2551556127 0.3046199376 0.3045951702
37100 0.2505588529 0.3000903715 0.3000693087
38100 0.2449698502 0.2957476041 0.2957250791
39100 0.2408239975 0.2919171520 0.2918959546
40100 0.2356231303 0.2872423506 0.2872214055
41100 0.2313592139 0.2831653516 0.2831420130
42100 0.2269379520 0.2790208562 0.2790001751
43100 0.2218058946 0.2749621565 0.2749417556
44100 0.2173554798 0.2706700335 0.2706528945
45100 0.2132561461 0.2666840871 0.2666644005
46100 0.2085377705 0.2625335007 0.2625129616
47100 0.2051635729 0.2592778033 0.2592611444
48100 0.2008468583 0.2555421021 0.2555228880
49100 0.1968931527 0.2514303962 0.2514119956
50100 0.1936905440 0.2482991331 0.2482836014
51100 0.1886685643 0.2437046338 0.2436902132
52100 0.1856417018 0.2406182058 0.2406030253
53100 0.1819687724 0.2370246196 0.2370132504
54100 0.1781401919 0.2333011789 0.2332878256
55100 0.1740237013 0.2297241722 0.2297086380
56100 0.1713281746 0.2266737112 0.2266603539
57100 0.1671013732 0.2227186693 0.2227011167
58100 0.1642384055 0.2189577137 0.2189442130
59100 0.1608321971 0.2164473146 0.2164338399
60100 0.1580743965 0.2128716188 0.2128596102
61100 0.1544156265 0.2096373340 0.2096258969
62100 0.1512014070 0.2061961411 0.2061855454
63100 0.1481502933 0.2035034123 0.2034908387
64100 0.1452638112 0.1999695434 0.1999588267
65100 0.1421833204 0.1975142444 0.1975002729
66100 0.1397771541 0.1944699532 0.1944595178
67100 0.1364645794 0.1909456962 0.1909333222
68100 0.1338906828 0.1880234238 0.1880119357
69100 0.1307856574 0.1851407329 0.1851303152
70100 0.1285780363 0.1826774622 0.1826676069
71100 0.1256060593 0.1795735559 0.1795626518
72100 0.1232320070 0.1768022991 0.1767917449
73100 0.1206935420 0.1742388132 0.1742284316
74100 0.1183008049 0.1712509526 0.1712415730
75100 0.1160022080 0.1688729598 0.1688629042
76100 0.1134503064 0.1658765984 0.1658688753
77100 0.1107045667 0.1634922764 0.1634836111
78100 0.1089191374 0.1611591644 0.1611510501
79100 0.1067306738 0.1588864111 0.1588784004
80100 0.1044462957 0.1560062122 0.1559980124
81100 0.1015019696 0.1533236113 0.1533161460
82100 0.0998544656 0.1508707128 0.1508618124
83100 0.0978403330 0.1486007495 0.1485925975
84100 0.0957096339 0.1460841388 0.1460779936
85100 0.0936442417 0.1438628215 0.1438542898
86100 0.0918355895 0.1416792216 0.1416733039
87100 0.0901224996 0.1394483812 0.1394411072
88100 0.0878568788 0.1372510600 0.1372421196
89100 0.0862063438 0.1351267518 0.1351183195
90100 0.0840875723 0.1329236809 0.1329166560
91100 0.0826014514 0.1305294226 0.1305230917
92100 0.0806395610 0.1285529188 0.1285469618
93100 0.0795548912 0.1267717152 0.1267662219
94100 0.0771181854 0.1242911070 0.1242846347
95100 0.0757449505 0.1225948935 0.1225869371
96100 0.0739107965 0.1204289726 0.1204230859
97100 0.0721819000 0.1183452232 0.1183398726
98100 0.0711376487 0.1169698432 0.1169649409
99100 0.0690663147 0.1145065779 0.1145000474
100100 0.0677552895 0.1125361405 0.1125304917
101100 0.0665453937 0.1110531050 0.1110475320
102100 0.0650982085 0.1091139282 0.1091079254
103100 0.0638452950 0.1077345836 0.1077287042
104100 0.0623302245 0.1057946262 0.1057901533
105100 0.0610231858 0.1041475765 0.1041424262
106100 0.0600097727 0.1022645250 0.1022595019
107100 0.0587072001 0.1009999515 0.1009964524
108100 0.0574028795 0.0991485554 0.0991436730
109100 0.0568003992 0.0975811140 0.0975760460
110100 0.0548920534 0.0956259889 0.0956206566
111100 0.0537428834 0.0942521694 0.0942480395
112100 0.0529966362 0.0927762554 0.0927728390
113100 0.0515207094 0.0913882009 0.0913836270
114100 0.0502860653 0.0893894304 0.0893854032
115100 0.0491571294 0.0878994494 0.0878952978
116100 0.0485676232 0.0869262596 0.0869219610
117100 0.0470330064 0.0852753152 0.0852705404
118100 0.0461309690 0.0838967904 0.0838927255
119100 0.0453876545 0.0827706303 0.0827669181
120100 0.0438454085 0.0809128013 0.0809082986
121100 0.0433779259 0.0797081499 0.0797038357
122100 0.0424084185 0.0785160058 0.0785121739
123100 0.0417169229 0.0774152258 0.0774107787
124100 0.0403385924 0.0756836101 0.0756799771
125100 0.0396752840 0.0744337682 0.0744303469
126100 0.0387309540 0.0732282173 0.0732252105
127100 0.0375843321 0.0721071286 0.0721034832
128100 0.0370207130 0.0706655680 0.0706618867
129100 0.0363085311 0.0694288353 0.0694260995
130100 0.0354337258 0.0684596191 0.0684564287
131100 0.0346450774 0.0671635433 0.0671605172
132100 0.0337509031 0.0662174071 0.0662152998
133100 0.0334347841 0.0649092152 0.0649060643
134100 0.0325750276 0.0639774980 0.0639736270
135100 0.0316841496 0.0628825660 0.0628788014
136100 0.0310987120 0.0617491520 0.0617464872
137100 0.0305970581 0.0609127527 0.0609100297
138100 0.0296866607 0.0596575751 0.0596544673
139100 0.0288025455 0.0585571216 0.0585543302
140100 0.0282514664 0.0578325414 0.0578302547
141100 0.0278063071 0.0567504407 0.0567472874
142100 0.0271943800 0.0556934156 0.0556911893
143100 0.0266540851 0.0550353473 0.0550330842
144100 0.0258876330 0.0537888835 0.0537863608
145100 0.0254583832 0.0529131486 0.0529107003
146100 0.0248856484 0.0519360794 0.0519331930
147100 0.0241502262 0.0511960763 0.0511936604
148100 0.0236000479 0.0501885659 0.0501855185
149100 0.0232897882 0.0493969598 0.0493950815
150100 0.0227214143 0.0486089958 0.0486074658
151100 0.0222587193 0.0477370716 0.0477343842
152100 0.0218026932 0.0468673250 0.0468648620
153100 0.0213519273 0.0460308772 0.0460286177
154100 0.0208246690 0.0452707555 0.0452688767
155100 0.0202999519 0.0443857619 0.0443842816
156100 0.0196780618 0.0433870405 0.0433851127
157100 0.0194419906 0.0428293204 0.0428276462
158100 0.0190051831 0.0421753780 0.0421738715
159100 0.0186042557 0.0414706333 0.0414686546
