real images: camera, coins, moon, page, text, brick, gravel, clock, cell
n=256, alpha=0.05, trials per setting=9000, MC samples for the gamma fit=50000

      N    eps   crit       CT       X2        G
------------------------------------------------
    500   0.00    427    0.048    0.053    0.455  (size)
    500   0.05    427    0.060    0.059    0.480
    500   0.10    427    0.095    0.084    0.547
    500   0.20    427    0.357    0.218    0.754
   2000   0.00    876    0.046    0.051    0.091  (size)
   2000   0.05    875    0.101    0.079    0.134
   2000   0.10    875    0.378    0.225    0.317
   2000   0.20    875    0.997    0.933    0.961
  10000   0.00   1968    0.048    0.051    0.056  (size)
  10000   0.05   1968    0.493    0.285    0.300
  10000   0.10   1969    1.000    0.986    0.987
  10000   0.20   1969    1.000    1.000    1.000
  50000   0.00   4405    0.048    0.045    0.045  (size)
  50000   0.05   4406    1.000    0.998    0.998
  50000   0.10   4404    1.000    1.000    1.000
  50000   0.20   4404    1.000    1.000    1.000

saved to ../data/real_images_n256.json
